,victory_margin,instances
1,6,85
2,7,80
3,5,71
4,8,54
5,4,41
6,9,37
7,3,18
8,10,11
9,2,6
10,1,3
